Date,Opponent,Offensive Rebounds Allowed,Total Rebounds Allowed,Home/Away,Defensive Rebounds Allowed,Rebounds Allowed MA,Cumulative Total Rebounds
2022-10-19,CHI,12.0,46.0,Home,34.0,46.0,46.0
2022-10-21,BOS,12.0,43.0,Home,31.0,44.5,89.0
2022-10-22,TOR,8.0,37.0,Home,29.0,42.0,126.0
2022-10-24,TOR,10.0,52.0,Home,42.0,44.5,178.0
2022-10-26,POR,11.0,38.0,Away,27.0,43.2,216.0
2022-10-27,GSW,16.0,50.0,Away,34.0,44.333333333333336,266.0
2022-10-29,SAC,6.0,43.0,Away,37.0,44.142857142857146,309.0
2022-11-01,GSW,10.0,41.0,Home,31.0,43.75,350.0
2022-11-02,SAC,4.0,39.0,Home,35.0,43.22222222222222,389.0
2022-11-04,IND,5.0,42.0,Away,37.0,43.1,431.0
2022-11-07,POR,4.0,37.0,Home,33.0,42.2,468.0
2022-11-10,CHO,8.0,50.0,Home,42.0,42.9,518.0
2022-11-12,CHO,4.0,37.0,Home,33.0,42.9,555.0
2022-11-14,PHO,20.0,45.0,Home,25.0,42.2,600.0
2022-11-16,TOR,16.0,42.0,Away,26.0,42.6,642.0
2022-11-18,WAS,8.0,54.0,Away,46.0,43.0,696.0
2022-11-20,CLE,13.0,49.0,Away,36.0,43.6,745.0
2022-11-21,MIN,6.0,40.0,Away,34.0,43.5,785.0
2022-11-23,WAS,7.0,43.0,Home,36.0,43.9,828.0
2022-11-25,WAS,13.0,45.0,Home,32.0,44.2,873.0
2022-11-27,ATL,8.0,42.0,Away,34.0,44.7,915.0
2022-11-30,BOS,11.0,41.0,Away,30.0,43.8,956.0
2022-12-02,BOS,7.0,48.0,Away,41.0,44.9,1004.0
2022-12-05,MEM,4.0,41.0,Away,37.0,44.5,1045.0
2022-12-06,DET,9.0,40.0,Home,31.0,44.3,1085.0
2022-12-08,LAC,7.0,43.0,Home,36.0,43.2,1128.0
2022-12-10,SAS,9.0,46.0,Home,37.0,42.9,1174.0
2022-12-12,IND,8.0,45.0,Away,37.0,43.4,1219.0
2022-12-14,OKC,7.0,44.0,Away,37.0,43.5,1263.0
2022-12-15,HOU,18.0,51.0,Away,33.0,44.1,1314.0
2022-12-17,SAS,7.0,38.0,Away,31.0,43.7,1352.0
2022-12-20,CHI,5.0,39.0,Home,34.0,43.5,1391.0
2022-12-23,IND,9.0,43.0,Home,34.0,43.0,1434.0
2022-12-26,MIN,8.0,44.0,Home,36.0,43.3,1478.0
2022-12-28,LAL,8.0,44.0,Home,36.0,43.7,1522.0
2022-12-30,DEN,5.0,36.0,Away,31.0,43.0,1558.0
2022-12-31,UTA,16.0,49.0,Away,33.0,43.3,1607.0
2023-01-02,LAC,3.0,34.0,Away,31.0,42.2,1641.0
2023-01-04,LAL,9.0,42.0,Away,33.0,42.0,1683.0
2023-01-06,PHO,8.0,44.0,Away,36.0,41.3,1727.0
2023-01-08,BRK,6.0,40.0,Home,34.0,41.5,1767.0
2023-01-10,OKC,14.0,44.0,Home,30.0,42.0,1811.0
2023-01-12,MIL,8.0,39.0,Home,31.0,41.6,1850.0
2023-01-14,MIL,7.0,32.0,Home,25.0,40.4,1882.0
2023-01-16,ATL,2.0,28.0,Away,26.0,38.8,1910.0
2023-01-18,NOP,9.0,38.0,Away,29.0,39.0,1948.0
2023-01-20,DAL,10.0,37.0,Away,27.0,37.8,1985.0
2023-01-22,NOP,8.0,41.0,Home,33.0,38.5,2026.0
2023-01-24,BOS,5.0,44.0,Home,39.0,38.7,2070.0
2023-01-27,ORL,2.0,40.0,Home,38.0,38.3,2110.0
2023-01-29,CHO,11.0,47.0,Away,36.0,39.0,2157.0
2023-01-31,CLE,5.0,39.0,Away,34.0,38.5,2196.0
2023-02-02,NYK,11.0,44.0,Away,33.0,39.0,2240.0
2023-02-04,MIL,10.0,51.0,Away,41.0,40.9,2291.0
2023-02-08,IND,5.0,31.0,Home,26.0,41.2,2322.0
2023-02-10,HOU,10.0,47.0,Home,37.0,42.1,2369.0
2023-02-11,ORL,12.0,44.0,Away,32.0,42.8,2413.0
2023-02-13,DEN,6.0,39.0,Home,33.0,42.6,2452.0
2023-02-15,BRK,5.0,36.0,Away,31.0,41.8,2488.0
2023-02-24,MIL,10.0,57.0,Away,47.0,43.5,2545.0
2023-02-25,CHO,11.0,48.0,Away,37.0,43.6,2593.0
2023-02-27,PHI,9.0,39.0,Away,30.0,43.6,2632.0
2023-03-01,PHI,9.0,41.0,Home,32.0,43.3,2673.0
2023-03-03,NYK,6.0,34.0,Home,28.0,41.6,2707.0
2023-03-04,ATL,10.0,37.0,Home,27.0,42.2,2744.0
2023-03-06,ATL,12.0,37.0,Home,25.0,41.2,2781.0
2023-03-08,CLE,7.0,32.0,Home,25.0,40.0,2813.0
2023-03-10,CLE,8.0,34.0,Home,26.0,39.5,2847.0
2023-03-11,ORL,15.0,54.0,Away,39.0,41.3,2901.0
2023-03-13,UTA,16.0,48.0,Home,32.0,40.4,2949.0
2023-03-15,MEM,12.0,39.0,Home,27.0,39.5,2988.0
2023-03-18,CHI,5.0,32.0,Away,27.0,38.8,3020.0
2023-03-19,DET,9.0,39.0,Away,30.0,38.6,3059.0
2023-03-22,NYK,9.0,42.0,Home,33.0,39.4,3101.0
2023-03-25,BRK,17.0,45.0,Home,28.0,40.2,3146.0
2023-03-28,TOR,15.0,47.0,Away,32.0,41.2,3193.0
2023-03-29,NYK,9.0,47.0,Away,38.0,42.7,3240.0
2023-04-01,DAL,1.0,31.0,Home,30.0,42.4,3271.0
2023-04-04,DET,6.0,35.0,Away,29.0,40.5,3306.0
2023-04-06,PHI,3.0,32.0,Away,29.0,38.9,3338.0
2023-04-07,WAS,12.0,50.0,Away,38.0,40.0,3388.0
2023-04-09,ORL,13.0,43.0,Home,30.0,41.1,3431.0
