Date,Opponent,Offensive Rebounds Allowed,Total Rebounds Allowed,Home/Away,Defensive Rebounds Allowed,Rebounds Allowed MA,Cumulative Total Rebounds,Rebounds Allowed Last 10
2022-10-20,PHI,6.0,44.0,Away,38.0,44.0,44.0,44.18292682926829
2022-10-22,HOU,15.0,47.0,Home,32.0,45.5,91.0,44.0
2022-10-26,BRK,7.0,37.0,Home,30.0,42.666666666666664,128.0,45.5
2022-10-28,NYK,13.0,54.0,Home,41.0,45.5,182.0,42.666666666666664
2022-10-29,ATL,12.0,42.0,Home,30.0,44.8,224.0,45.5
2022-10-31,DET,13.0,43.0,Home,30.0,44.5,267.0,44.8
2022-11-02,DET,2.0,35.0,Home,33.0,43.142857142857146,302.0,44.5
2022-11-04,MIN,10.0,47.0,Away,37.0,43.625,349.0,43.142857142857146
2022-11-05,OKC,9.0,38.0,Home,29.0,43.0,387.0,43.625
2022-11-07,ATL,12.0,48.0,Away,36.0,43.5,435.0,43.0
2022-11-09,OKC,16.0,55.0,Away,39.0,44.6,490.0,43.5
2022-11-11,SAS,9.0,50.0,Away,41.0,44.9,540.0,44.6
2022-11-14,ATL,13.0,45.0,Home,32.0,45.7,585.0,44.9
2022-11-16,CLE,6.0,34.0,Home,28.0,43.7,619.0,45.7
2022-11-18,PHI,6.0,41.0,Away,35.0,43.6,660.0,43.7
2022-11-21,POR,12.0,40.0,Home,28.0,43.3,700.0,43.6
2022-11-23,CHI,5.0,35.0,Home,30.0,43.3,735.0,43.3
2022-11-25,CLE,10.0,41.0,Home,31.0,42.7,776.0,43.3
2022-11-27,DAL,6.0,32.0,Home,26.0,42.1,808.0,42.7
2022-11-30,NYK,19.0,55.0,Away,36.0,42.8,863.0,42.1
2022-12-02,LAL,12.0,44.0,Home,32.0,41.7,907.0,42.8
2022-12-03,CHO,9.0,44.0,Away,35.0,41.1,951.0,41.7
2022-12-05,ORL,15.0,52.0,Away,37.0,41.8,1003.0,41.1
2022-12-07,SAC,8.0,40.0,Home,32.0,42.4,1043.0,41.8
2022-12-09,DAL,12.0,43.0,Away,31.0,42.6,1086.0,42.4
2022-12-11,HOU,10.0,49.0,Away,39.0,43.5,1135.0,42.6
2022-12-13,GSW,12.0,37.0,Home,25.0,43.7,1172.0,43.5
2022-12-15,MEM,14.0,56.0,Away,42.0,45.2,1228.0,43.7
2022-12-17,UTA,7.0,29.0,Home,22.0,44.9,1257.0,45.2
2022-12-19,NOP,17.0,44.0,Away,27.0,43.8,1301.0,44.9
2022-12-21,CLE,9.0,37.0,Away,28.0,43.1,1338.0,43.8
2022-12-23,BRK,12.0,45.0,Away,33.0,43.2,1383.0,43.1
2022-12-25,BOS,5.0,35.0,Away,30.0,41.5,1418.0,43.2
2022-12-28,CHI,7.0,52.0,Away,45.0,42.7,1470.0,41.5
2022-12-30,MIN,7.0,36.0,Home,29.0,42.0,1506.0,42.7
2023-01-01,WAS,12.0,54.0,Home,42.0,42.5,1560.0,42.0
2023-01-03,WAS,14.0,46.0,Home,32.0,43.4,1606.0,42.5
2023-01-04,TOR,14.0,47.0,Away,33.0,42.5,1653.0,43.4
2023-01-06,CHO,13.0,49.0,Home,36.0,44.5,1702.0,42.5
2023-01-09,NYK,18.0,48.0,Away,30.0,44.9,1750.0,44.5
2023-01-11,ATL,6.0,41.0,Away,35.0,45.3,1791.0,44.9
2023-01-12,MIA,18.0,61.0,Away,43.0,46.9,1852.0,45.3
2023-01-14,MIA,13.0,51.0,Away,38.0,48.5,1903.0,46.9
2023-01-16,IND,4.0,37.0,Home,33.0,47.0,1940.0,48.5
2023-01-17,TOR,20.0,50.0,Home,30.0,48.4,1990.0,47.0
2023-01-21,CLE,9.0,41.0,Away,32.0,47.1,2031.0,48.4
2023-01-23,DET,11.0,41.0,Away,30.0,46.6,2072.0,47.1
2023-01-25,DEN,15.0,51.0,Home,36.0,47.0,2123.0,46.6
2023-01-27,IND,5.0,38.0,Away,33.0,45.9,2161.0,47.0
2023-01-29,NOP,8.0,38.0,Home,30.0,44.9,2199.0,45.9
2023-01-31,CHO,18.0,62.0,Home,44.0,47.0,2261.0,44.9
2023-02-02,LAC,9.0,49.0,Home,40.0,45.8,2310.0,47.0
2023-02-04,MIA,13.0,44.0,Home,31.0,45.1,2354.0,45.8
2023-02-06,POR,1.0,28.0,Away,27.0,44.2,2382.0,45.1
2023-02-09,LAL,11.0,43.0,Away,32.0,43.5,2425.0,44.2
2023-02-10,LAC,3.0,35.0,Away,32.0,42.9,2460.0,43.5
2023-02-14,BOS,8.0,44.0,Home,36.0,43.2,2504.0,42.9
2023-02-16,CHI,15.0,51.0,Away,36.0,43.2,2555.0,43.2
2023-02-24,MIA,9.0,45.0,Home,36.0,43.9,2600.0,43.2
2023-02-26,PHO,19.0,55.0,Home,36.0,45.6,2655.0,43.9
2023-02-28,BRK,3.0,38.0,Away,35.0,43.2,2693.0,45.6
2023-03-01,ORL,12.0,50.0,Home,38.0,43.3,2743.0,43.2
2023-03-04,PHI,9.0,32.0,Home,23.0,42.1,2775.0,43.3
2023-03-05,WAS,20.0,56.0,Away,36.0,44.9,2831.0,42.1
2023-03-07,ORL,10.0,38.0,Away,28.0,44.4,2869.0,44.9
2023-03-09,BRK,15.0,47.0,Home,32.0,45.6,2916.0,44.4
2023-03-11,GSW,18.0,65.0,Away,47.0,47.7,2981.0,45.6
2023-03-13,SAC,15.0,45.0,Away,30.0,47.1,3026.0,47.7
2023-03-14,PHO,8.0,41.0,Away,33.0,46.7,3067.0,47.1
2023-03-16,IND,8.0,42.0,Home,34.0,45.4,3109.0,46.7
2023-03-19,TOR,9.0,41.0,Home,32.0,45.7,3150.0,45.4
2023-03-22,SAS,8.0,46.0,Home,38.0,45.3,3196.0,45.7
2023-03-24,UTA,20.0,51.0,Away,31.0,47.2,3247.0,45.3
2023-03-25,DEN,7.0,48.0,Away,41.0,46.4,3295.0,47.2
2023-03-27,DET,14.0,47.0,Away,33.0,47.3,3342.0,46.4
2023-03-29,IND,10.0,29.0,Away,19.0,45.5,3371.0,47.3
2023-03-30,BOS,7.0,47.0,Home,40.0,43.7,3418.0,45.5
2023-04-02,PHI,11.0,36.0,Home,25.0,42.8,3454.0,43.7
2023-04-04,WAS,9.0,42.0,Away,33.0,42.9,3496.0,42.8
2023-04-05,CHI,5.0,38.0,Home,33.0,42.5,3534.0,42.9
2023-04-07,MEM,11.0,44.0,Home,33.0,42.8,3578.0,42.5
2023-04-09,TOR,7.0,45.0,Away,38.0,42.7,3623.0,42.8
