Date,Opponent,Offensive Rebounds Allowed,Total Rebounds Allowed,Home/Away,Defensive Rebounds Allowed,Rebounds Allowed MA,Cumulative Total Rebounds
2022-10-19,BRK,9.0,39.0,Away,30.0,39.0,39.0
2022-10-21,CHO,11.0,37.0,Away,26.0,38.0,76.0
2022-10-23,UTA,15.0,44.0,Home,29.0,40.0,120.0
2022-10-25,DAL,11.0,37.0,Home,26.0,39.25,157.0
2022-10-28,PHO,14.0,47.0,Away,33.0,40.8,204.0
2022-10-30,LAC,8.0,39.0,Away,31.0,40.5,243.0
2022-11-02,LAL,11.0,56.0,Away,45.0,42.714285714285715,299.0
2022-11-04,GSW,3.0,29.0,Home,26.0,41.0,328.0
2022-11-05,ATL,12.0,50.0,Away,38.0,42.0,378.0
2022-11-07,IND,10.0,45.0,Away,35.0,42.3,423.0
2022-11-09,CHI,6.0,35.0,Away,29.0,41.9,458.0
2022-11-10,POR,11.0,46.0,Home,35.0,42.8,504.0
2022-11-12,HOU,10.0,43.0,Home,33.0,42.7,547.0
2022-11-15,MEM,14.0,51.0,Home,37.0,44.1,598.0
2022-11-16,CHI,7.0,37.0,Home,30.0,43.1,635.0
2022-11-18,BOS,11.0,46.0,Home,35.0,43.8,681.0
2022-11-21,GSW,4.0,34.0,Home,30.0,41.6,715.0
2022-11-23,SAS,8.0,37.0,Away,29.0,42.4,752.0
2022-11-25,MEM,13.0,46.0,Away,33.0,42.0,798.0
2022-11-28,OKC,18.0,47.0,Home,29.0,42.2,845.0
2022-11-30,TOR,3.0,30.0,Home,27.0,41.7,875.0
2022-12-02,SAS,10.0,49.0,Away,39.0,42.0,924.0
2022-12-04,DEN,9.0,43.0,Home,34.0,42.0,967.0
2022-12-07,DET,8.0,42.0,Home,34.0,41.1,1009.0
2022-12-09,PHO,8.0,37.0,Home,29.0,41.1,1046.0
2022-12-11,PHO,19.0,42.0,Home,23.0,40.7,1088.0
2022-12-13,UTA,19.0,59.0,Away,40.0,43.2,1147.0
2022-12-15,UTA,11.0,44.0,Away,33.0,43.9,1191.0
2022-12-17,PHO,10.0,35.0,Away,25.0,42.8,1226.0
2022-12-19,MIL,8.0,44.0,Home,36.0,42.5,1270.0
2022-12-22,SAS,14.0,44.0,Home,30.0,43.9,1314.0
2022-12-23,OKC,10.0,47.0,Away,37.0,43.7,1361.0
2022-12-26,IND,6.0,36.0,Home,30.0,43.0,1397.0
2022-12-28,MIN,5.0,35.0,Home,30.0,42.3,1432.0
2022-12-30,PHI,3.0,29.0,Home,26.0,41.5,1461.0
2022-12-31,MEM,13.0,52.0,Away,39.0,42.5,1513.0
2023-01-02,PHI,7.0,35.0,Away,28.0,40.1,1548.0
2023-01-04,HOU,12.0,43.0,Home,31.0,40.0,1591.0
2023-01-06,BRK,10.0,43.0,Home,33.0,40.8,1634.0
2023-01-07,DAL,5.0,39.0,Away,34.0,40.3,1673.0
2023-01-09,WAS,7.0,37.0,Away,30.0,39.6,1710.0
2023-01-11,BOS,11.0,50.0,Away,39.0,39.9,1760.0
2023-01-13,DET,7.0,42.0,Away,35.0,40.5,1802.0
2023-01-16,CLE,13.0,43.0,Away,30.0,41.3,1845.0
2023-01-18,MIA,10.0,43.0,Home,33.0,42.7,1888.0
2023-01-20,ORL,5.0,42.0,Away,37.0,41.7,1930.0
2023-01-22,MIA,12.0,42.0,Away,30.0,42.4,1972.0
2023-01-24,DEN,7.0,34.0,Home,27.0,41.5,2006.0
2023-01-25,MIN,4.0,36.0,Home,32.0,40.8,2042.0
2023-01-28,WAS,13.0,53.0,Home,40.0,42.2,2095.0
2023-01-29,MIL,12.0,57.0,Away,45.0,44.2,2152.0
2023-01-31,DEN,10.0,44.0,Away,34.0,43.6,2196.0
2023-02-02,DAL,6.0,36.0,Away,30.0,43.0,2232.0
2023-02-04,LAL,13.0,44.0,Home,31.0,43.1,2276.0
2023-02-05,SAC,11.0,38.0,Home,27.0,42.6,2314.0
2023-02-07,ATL,10.0,41.0,Home,31.0,42.5,2355.0
2023-02-10,CLE,12.0,41.0,Home,29.0,42.4,2396.0
2023-02-13,OKC,14.0,43.0,Away,29.0,43.3,2439.0
2023-02-15,LAL,6.0,43.0,Away,37.0,44.0,2482.0
2023-02-23,TOR,11.0,48.0,Away,37.0,43.5,2530.0
2023-02-25,NYK,11.0,54.0,Away,43.0,43.2,2584.0
2023-02-27,ORL,11.0,43.0,Home,32.0,43.1,2627.0
2023-03-01,POR,12.0,41.0,Away,29.0,43.6,2668.0
2023-03-03,GSW,9.0,43.0,Away,34.0,43.5,2711.0
2023-03-06,SAC,6.0,33.0,Away,27.0,43.0,2744.0
2023-03-08,DAL,5.0,34.0,Home,29.0,42.3,2778.0
2023-03-11,OKC,4.0,38.0,Home,34.0,42.0,2816.0
2023-03-12,POR,10.0,46.0,Home,36.0,42.3,2862.0
2023-03-14,LAL,15.0,52.0,Home,37.0,43.2,2914.0
2023-03-17,HOU,15.0,52.0,Away,37.0,43.6,2966.0
2023-03-19,HOU,8.0,36.0,Away,28.0,41.8,3002.0
2023-03-21,SAS,10.0,37.0,Home,27.0,41.2,3039.0
2023-03-23,CHO,4.0,38.0,Home,34.0,40.9,3077.0
2023-03-25,LAC,2.0,31.0,Away,29.0,39.7,3108.0
2023-03-27,POR,6.0,29.0,Away,23.0,39.3,3137.0
2023-03-28,GSW,11.0,41.0,Away,30.0,40.0,3178.0
2023-03-30,DEN,11.0,40.0,Away,29.0,40.2,3218.0
2023-04-01,LAC,11.0,37.0,Home,26.0,39.3,3255.0
2023-04-04,SAC,11.0,43.0,Home,32.0,38.4,3298.0
2023-04-05,MEM,15.0,49.0,Home,34.0,38.1,3347.0
2023-04-07,NYK,7.0,37.0,Home,30.0,38.2,3384.0
2023-04-09,MIN,8.0,42.0,Away,34.0,38.7,3426.0
