Date,Opponent,Offensive Rebounds Allowed,Total Rebounds Allowed,Home/Away,Defensive Rebounds Allowed,Rebounds Allowed MA,Cumulative Total Rebounds
2022-10-19,DAL,5.0,40.0,Home,35.0,40.0,40.0
2022-10-21,POR,13.0,48.0,Away,35.0,44.0,88.0
2022-10-23,LAC,9.0,43.0,Away,34.0,43.666666666666664,131.0
2022-10-25,GSW,10.0,40.0,Home,30.0,42.75,171.0
2022-10-28,NOP,9.0,33.0,Home,24.0,40.8,204.0
2022-10-30,HOU,17.0,49.0,Home,32.0,42.166666666666664,253.0
2022-11-01,MIN,10.0,42.0,Home,32.0,42.142857142857146,295.0
2022-11-04,POR,11.0,42.0,Home,31.0,42.125,337.0
2022-11-05,POR,8.0,40.0,Home,32.0,41.888888888888886,377.0
2022-11-07,PHI,15.0,48.0,Away,33.0,42.5,425.0
2022-11-09,MIN,8.0,38.0,Away,30.0,42.3,463.0
2022-11-11,ORL,9.0,50.0,Away,41.0,42.5,513.0
2022-11-14,MIA,17.0,42.0,Away,25.0,42.4,555.0
2022-11-16,GSW,6.0,40.0,Home,34.0,42.4,595.0
2022-11-18,UTA,11.0,36.0,Away,25.0,42.7,631.0
2022-11-20,NYK,10.0,39.0,Home,29.0,41.7,670.0
2022-11-22,LAL,7.0,45.0,Home,38.0,42.0,715.0
2022-11-25,DET,19.0,49.0,Home,30.0,42.7,764.0
2022-11-26,UTA,8.0,40.0,Home,32.0,42.7,804.0
2022-11-28,SAC,8.0,37.0,Away,29.0,41.6,841.0
2022-11-30,CHI,5.0,35.0,Home,30.0,41.3,876.0
2022-12-02,HOU,13.0,41.0,Home,28.0,40.4,917.0
2022-12-04,SAS,12.0,40.0,Away,28.0,40.2,957.0
2022-12-05,DAL,10.0,41.0,Away,31.0,40.3,998.0
2022-12-07,BOS,11.0,53.0,Home,42.0,42.0,1051.0
2022-12-09,NOP,13.0,44.0,Away,31.0,42.5,1095.0
2022-12-11,NOP,7.0,43.0,Away,36.0,42.3,1138.0
2022-12-13,HOU,17.0,67.0,Away,50.0,44.1,1205.0
2022-12-15,LAC,21.0,52.0,Away,31.0,45.3,1257.0
2022-12-17,NOP,4.0,36.0,Home,32.0,45.2,1293.0
2022-12-19,LAL,10.0,38.0,Home,28.0,45.5,1331.0
2022-12-20,WAS,9.0,41.0,Home,32.0,45.5,1372.0
2022-12-23,MEM,19.0,53.0,Home,34.0,46.8,1425.0
2022-12-25,DEN,12.0,48.0,Away,36.0,47.5,1473.0
2022-12-27,MEM,15.0,40.0,Away,25.0,46.2,1513.0
2022-12-28,WAS,12.0,46.0,Away,34.0,46.4,1559.0
2022-12-30,TOR,8.0,31.0,Away,23.0,45.2,1590.0
2023-01-02,NYK,5.0,45.0,Away,40.0,43.0,1635.0
2023-01-04,CLE,7.0,46.0,Away,39.0,42.4,1681.0
2023-01-06,MIA,5.0,37.0,Home,32.0,42.5,1718.0
2023-01-08,CLE,3.0,39.0,Home,36.0,42.6,1757.0
2023-01-10,GSW,16.0,45.0,Away,29.0,43.0,1802.0
2023-01-11,DEN,7.0,38.0,Away,31.0,41.5,1840.0
2023-01-13,MIN,4.0,37.0,Away,33.0,40.4,1877.0
2023-01-16,MEM,13.0,51.0,Away,38.0,41.5,1928.0
2023-01-19,BRK,2.0,34.0,Home,32.0,40.3,1962.0
2023-01-21,IND,11.0,48.0,Home,37.0,42.0,2010.0
2023-01-22,MEM,15.0,52.0,Home,37.0,42.7,2062.0
2023-01-24,CHO,10.0,40.0,Home,30.0,42.1,2102.0
2023-01-26,DAL,7.0,43.0,Home,36.0,42.7,2145.0
2023-01-28,SAS,17.0,53.0,Away,36.0,44.1,2198.0
2023-01-30,TOR,16.0,44.0,Home,28.0,44.0,2242.0
2023-02-01,ATL,6.0,45.0,Home,39.0,44.7,2287.0
2023-02-03,BOS,3.0,43.0,Away,40.0,45.3,2330.0
2023-02-04,DET,9.0,30.0,Away,21.0,43.2,2360.0
2023-02-07,BRK,5.0,36.0,Away,31.0,43.4,2396.0
2023-02-09,ATL,20.0,59.0,Away,39.0,44.5,2455.0
2023-02-10,IND,11.0,38.0,Away,27.0,43.1,2493.0
2023-02-14,SAC,13.0,40.0,Home,27.0,43.1,2533.0
2023-02-16,LAC,8.0,43.0,Home,35.0,43.1,2576.0
2023-02-24,OKC,14.0,47.0,Home,33.0,42.5,2623.0
2023-02-26,MIL,11.0,45.0,Away,34.0,42.6,2668.0
2023-03-01,CHO,12.0,48.0,Away,36.0,42.9,2716.0
2023-03-03,CHI,9.0,34.0,Away,25.0,42.0,2750.0
2023-03-05,DAL,5.0,31.0,Away,26.0,42.1,2781.0
2023-03-08,OKC,7.0,37.0,Home,30.0,42.2,2818.0
2023-03-11,SAC,8.0,39.0,Home,31.0,40.2,2857.0
2023-03-13,GSW,9.0,41.0,Away,32.0,40.5,2898.0
2023-03-14,MIL,13.0,46.0,Home,33.0,41.1,2944.0
2023-03-16,ORL,11.0,47.0,Home,36.0,41.5,2991.0
2023-03-19,OKC,6.0,44.0,Away,38.0,41.2,3035.0
2023-03-22,LAL,5.0,36.0,Away,31.0,40.3,3071.0
2023-03-24,SAC,5.0,33.0,Away,28.0,38.8,3104.0
2023-03-25,PHI,8.0,36.0,Home,28.0,39.0,3140.0
2023-03-27,UTA,10.0,47.0,Away,37.0,40.6,3187.0
2023-03-29,MIN,16.0,54.0,Home,38.0,42.3,3241.0
2023-03-31,DEN,15.0,51.0,Home,36.0,43.5,3292.0
2023-04-02,OKC,13.0,41.0,Away,28.0,43.5,3333.0
2023-04-04,SAS,9.0,38.0,Home,29.0,42.7,3371.0
2023-04-06,DEN,9.0,38.0,Home,29.0,41.8,3409.0
2023-04-07,LAL,10.0,54.0,Away,44.0,42.8,3463.0
2023-04-09,LAC,14.0,53.0,Home,39.0,44.5,3516.0
