Date,Opponent,Offensive Rebounds Allowed,Total Rebounds Allowed,Home/Away,Defensive Rebounds Allowed,Rebounds Allowed MA,Cumulative Total Rebounds,Rebounds Allowed Last 10
2022-10-19,CLE,6.0,38.0,Home,32.0,38.0,38.0,42.26829268292683
2022-10-21,BRK,13.0,44.0,Away,31.0,41.0,82.0,38.0
2022-10-22,MIA,6.0,44.0,Away,38.0,42.0,126.0,41.0
2022-10-24,MIA,8.0,46.0,Away,38.0,43.0,172.0,42.0
2022-10-26,PHI,4.0,34.0,Home,30.0,41.2,206.0,43.0
2022-10-28,PHI,7.0,41.0,Home,34.0,41.166666666666664,247.0,41.2
2022-10-31,ATL,7.0,37.0,Home,30.0,40.57142857142857,284.0,41.166666666666664
2022-11-02,SAS,13.0,46.0,Away,33.0,41.25,330.0,40.57142857142857
2022-11-04,DAL,6.0,31.0,Away,25.0,40.111111111111114,361.0,41.25
2022-11-06,CHI,15.0,46.0,Home,31.0,40.7,407.0,40.111111111111114
2022-11-07,CHI,9.0,49.0,Away,40.0,41.8,456.0,40.7
2022-11-09,HOU,16.0,49.0,Home,33.0,42.3,505.0,41.8
2022-11-11,OKC,15.0,44.0,Away,29.0,42.3,549.0,42.3
2022-11-12,IND,11.0,51.0,Away,40.0,42.8,600.0,42.3
2022-11-14,DET,11.0,39.0,Away,28.0,43.3,639.0,42.8
2022-11-16,MIA,4.0,23.0,Home,19.0,41.5,662.0,43.3
2022-11-19,ATL,11.0,50.0,Away,39.0,42.8,712.0,41.5
2022-11-23,BRK,7.0,39.0,Home,32.0,42.1,751.0,42.8
2022-11-26,DAL,4.0,34.0,Home,30.0,42.4,785.0,42.1
2022-11-28,CLE,13.0,47.0,Home,34.0,42.5,832.0,42.4
2022-11-30,NOP,12.0,52.0,Away,40.0,42.8,884.0,42.5
2022-12-02,BRK,7.0,41.0,Away,34.0,42.0,925.0,42.8
2022-12-03,ORL,5.0,29.0,Home,24.0,40.5,954.0,42.0
2022-12-05,BOS,13.0,49.0,Home,36.0,40.3,1003.0,40.5
2022-12-07,LAL,10.0,46.0,Home,36.0,41.0,1049.0,40.3
2022-12-09,ORL,3.0,43.0,Away,40.0,43.0,1092.0,41.0
2022-12-11,ORL,11.0,42.0,Away,31.0,42.2,1134.0,43.0
2022-12-14,SAC,13.0,50.0,Home,37.0,43.3,1184.0,42.2
2022-12-16,BRK,4.0,37.0,Home,33.0,43.6,1221.0,43.3
2022-12-18,GSW,12.0,41.0,Home,29.0,43.0,1262.0,43.6
2022-12-19,PHI,4.0,41.0,Away,37.0,41.9,1303.0,43.0
2022-12-21,NYK,9.0,38.0,Away,29.0,41.6,1341.0,41.9
2022-12-23,CLE,6.0,35.0,Away,29.0,42.2,1376.0,41.6
2022-12-27,LAC,15.0,47.0,Home,32.0,42.0,1423.0,42.2
2022-12-29,MEM,17.0,53.0,Home,36.0,42.7,1476.0,42.0
2022-12-30,PHO,9.0,42.0,Home,33.0,42.6,1518.0,42.7
2023-01-02,IND,15.0,50.0,Away,35.0,43.4,1568.0,42.6
2023-01-04,MIL,13.0,73.0,Home,60.0,45.7,1641.0,43.4
2023-01-06,NYK,13.0,51.0,Home,38.0,47.1,1692.0,45.7
2023-01-08,POR,10.0,42.0,Home,32.0,47.2,1734.0,47.1
2023-01-10,CHO,6.0,34.0,Home,28.0,46.5,1768.0,47.2
2023-01-12,CHO,9.0,42.0,Home,33.0,46.9,1810.0,46.5
2023-01-14,ATL,5.0,40.0,Home,35.0,47.4,1850.0,46.9
2023-01-16,NYK,20.0,54.0,Away,34.0,48.1,1904.0,47.4
2023-01-17,MIL,6.0,42.0,Away,36.0,47.0,1946.0,48.1
2023-01-19,MIN,8.0,37.0,Away,29.0,46.5,1983.0,47.0
2023-01-21,BOS,11.0,41.0,Home,30.0,45.6,2024.0,46.5
2023-01-22,NYK,14.0,47.0,Home,33.0,43.0,2071.0,45.6
2023-01-25,SAC,4.0,34.0,Away,30.0,41.3,2105.0,43.0
2023-01-27,GSW,5.0,43.0,Away,38.0,41.4,2148.0,41.3
2023-01-28,POR,3.0,27.0,Away,24.0,40.7,2175.0,41.4
2023-01-30,PHO,13.0,42.0,Away,29.0,40.7,2217.0,40.7
2023-02-01,UTA,13.0,49.0,Away,36.0,41.6,2266.0,40.7
2023-02-03,HOU,6.0,40.0,Away,34.0,40.2,2306.0,41.6
2023-02-05,MEM,8.0,44.0,Away,36.0,40.4,2350.0,40.2
2023-02-08,SAS,7.0,39.0,Home,32.0,40.6,2389.0,40.4
2023-02-10,UTA,9.0,46.0,Home,37.0,41.1,2435.0,40.6
2023-02-12,DET,6.0,32.0,Home,26.0,39.6,2467.0,41.1
2023-02-14,ORL,9.0,29.0,Home,20.0,39.1,2496.0,39.6
2023-02-23,NOP,6.0,43.0,Home,37.0,39.1,2539.0,39.1
2023-02-25,DET,17.0,62.0,Away,45.0,42.6,2601.0,39.1
2023-02-26,CLE,8.0,45.0,Away,37.0,42.9,2646.0,42.6
2023-02-28,CHI,6.0,35.0,Home,29.0,41.5,2681.0,42.9
2023-03-02,WAS,9.0,43.0,Away,34.0,41.8,2724.0,41.5
2023-03-04,WAS,9.0,43.0,Away,34.0,41.7,2767.0,41.8
2023-03-06,DEN,12.0,41.0,Away,29.0,41.9,2808.0,41.7
2023-03-08,LAC,9.0,44.0,Away,35.0,41.7,2852.0,41.9
2023-03-10,LAL,5.0,35.0,Away,30.0,42.0,2887.0,41.7
2023-03-14,DEN,4.0,32.0,Home,28.0,42.3,2919.0,42.0
2023-03-16,OKC,11.0,39.0,Home,28.0,41.9,2958.0,42.3
2023-03-18,MIN,9.0,42.0,Home,33.0,39.9,3000.0,41.9
2023-03-19,MIL,7.0,45.0,Away,38.0,39.9,3045.0,39.9
2023-03-22,IND,8.0,39.0,Home,31.0,40.3,3084.0,39.9
2023-03-24,DET,8.0,39.0,Home,31.0,39.9,3123.0,40.3
2023-03-26,WAS,12.0,45.0,Home,33.0,40.1,3168.0,39.9
2023-03-28,MIA,12.0,43.0,Home,31.0,40.3,3211.0,40.1
2023-03-31,PHI,9.0,37.0,Away,28.0,39.6,3248.0,40.3
2023-04-02,CHO,10.0,37.0,Away,27.0,39.8,3285.0,39.6
2023-04-04,CHO,6.0,42.0,Away,36.0,40.8,3327.0,39.8
2023-04-05,BOS,11.0,48.0,Away,37.0,41.7,3375.0,40.8
2023-04-07,BOS,13.0,53.0,Away,40.0,42.8,3428.0,41.7
2023-04-09,MIL,7.0,38.0,Home,31.0,42.1,3466.0,42.8
