Date,Opponent,Offensive Rebounds Allowed,Total Rebounds Allowed,Home/Away,Defensive Rebounds Allowed,Rebounds Allowed MA,Cumulative Total Rebounds,Rebounds Allowed Last 10
2022-10-19,DEN,10.0,35.0,Home,25.0,35.0,35.0,43.451219512195124
2022-10-21,MIN,21.0,60.0,Away,39.0,47.5,95.0,35.0
2022-10-23,NOP,14.0,45.0,Away,31.0,46.666666666666664,140.0,47.5
2022-10-24,HOU,17.0,47.0,Away,30.0,46.75,187.0,46.666666666666664
2022-10-26,HOU,14.0,49.0,Home,35.0,47.2,236.0,46.75
2022-10-28,DEN,17.0,58.0,Away,41.0,49.0,294.0,47.2
2022-10-29,MEM,10.0,40.0,Home,30.0,47.714285714285715,334.0,49.0
2022-10-31,MEM,18.0,52.0,Home,34.0,48.25,386.0,47.714285714285715
2022-11-02,DAL,7.0,37.0,Away,30.0,47.0,423.0,48.25
2022-11-04,LAL,9.0,40.0,Away,31.0,46.3,463.0,47.0
2022-11-06,LAC,4.0,32.0,Away,28.0,46.0,495.0,46.3
2022-11-07,LAL,7.0,33.0,Home,26.0,43.3,528.0,46.0
2022-11-09,ATL,17.0,54.0,Away,37.0,44.2,582.0,43.3
2022-11-12,WAS,6.0,46.0,Away,40.0,44.1,628.0,44.2
2022-11-13,PHI,8.0,39.0,Away,31.0,43.1,667.0,44.1
2022-11-15,NYK,13.0,43.0,Home,30.0,41.6,710.0,43.1
2022-11-18,PHO,12.0,42.0,Home,30.0,41.8,752.0,41.6
2022-11-19,POR,10.0,43.0,Away,33.0,40.9,795.0,41.8
2022-11-21,LAC,12.0,41.0,Away,29.0,41.3,836.0,40.9
2022-11-23,DET,8.0,38.0,Home,30.0,41.1,874.0,41.3
2022-11-25,GSW,16.0,49.0,Away,33.0,42.8,923.0,41.1
2022-11-26,PHO,18.0,48.0,Away,30.0,44.3,971.0,42.8
2022-11-28,CHI,13.0,50.0,Home,37.0,43.9,1021.0,44.3
2022-11-30,LAC,17.0,39.0,Home,22.0,43.2,1060.0,43.9
2022-12-02,IND,9.0,35.0,Home,26.0,42.8,1095.0,43.2
2022-12-03,POR,12.0,49.0,Home,37.0,43.4,1144.0,42.8
2022-12-07,GSW,14.0,42.0,Home,28.0,43.4,1186.0,43.4
2022-12-09,MIN,6.0,44.0,Home,38.0,43.5,1230.0,43.4
2022-12-10,DEN,6.0,39.0,Away,33.0,43.3,1269.0,43.5
2022-12-13,NOP,15.0,43.0,Home,28.0,43.8,1312.0,43.3
2022-12-15,NOP,19.0,49.0,Home,30.0,43.8,1361.0,43.8
2022-12-17,MIL,15.0,54.0,Away,39.0,44.4,1415.0,43.8
2022-12-19,CLE,4.0,45.0,Away,41.0,43.9,1460.0,44.4
2022-12-20,DET,9.0,43.0,Away,34.0,44.3,1503.0,43.9
2022-12-22,WAS,3.0,37.0,Home,34.0,44.5,1540.0,44.3
2022-12-26,SAS,6.0,41.0,Away,35.0,43.7,1581.0,44.5
2022-12-28,GSW,10.0,51.0,Away,41.0,44.6,1632.0,43.7
2022-12-30,SAC,10.0,38.0,Away,28.0,44.0,1670.0,44.6
2022-12-31,MIA,10.0,37.0,Home,27.0,43.8,1707.0,44.0
2023-01-03,SAC,7.0,40.0,Home,33.0,43.5,1747.0,43.8
2023-01-05,HOU,14.0,49.0,Away,35.0,43.5,1796.0,43.5
2023-01-07,CHI,7.0,44.0,Away,37.0,42.5,1840.0,43.5
2023-01-08,MEM,13.0,39.0,Away,26.0,41.9,1879.0,42.5
2023-01-10,CLE,7.0,37.0,Home,30.0,41.3,1916.0,41.9
2023-01-13,ORL,11.0,40.0,Home,29.0,41.6,1956.0,41.3
2023-01-14,PHI,9.0,37.0,Home,28.0,41.2,1993.0,41.6
2023-01-16,MIN,16.0,41.0,Away,25.0,40.2,2034.0,41.2
2023-01-18,LAC,16.0,50.0,Home,34.0,41.4,2084.0,40.2
2023-01-20,BRK,6.0,42.0,Home,36.0,41.9,2126.0,41.4
2023-01-23,CHO,11.0,42.0,Home,31.0,42.1,2168.0,41.9
2023-01-25,POR,6.0,41.0,Away,35.0,41.3,2209.0,42.1
2023-01-28,DAL,7.0,31.0,Home,24.0,40.0,2240.0,41.3
2023-02-01,TOR,25.0,52.0,Home,27.0,41.3,2292.0,40.0
2023-02-03,ATL,14.0,52.0,Home,38.0,42.8,2344.0,41.3
2023-02-06,DAL,17.0,49.0,Home,32.0,43.7,2393.0,42.8
2023-02-08,MIN,8.0,47.0,Home,39.0,44.7,2440.0,43.7
2023-02-10,TOR,9.0,40.0,Away,31.0,44.6,2480.0,44.7
2023-02-11,NYK,20.0,52.0,Away,32.0,44.8,2532.0,44.6
2023-02-13,IND,8.0,32.0,Away,24.0,43.8,2564.0,44.8
2023-02-15,MEM,17.0,46.0,Away,29.0,44.2,2610.0,43.8
2023-02-23,OKC,20.0,54.0,Home,34.0,45.5,2664.0,44.2
2023-02-25,SAS,9.0,41.0,Home,32.0,46.5,2705.0,45.5
2023-02-28,SAS,9.0,45.0,Home,36.0,45.8,2750.0,46.5
2023-03-03,OKC,11.0,40.0,Away,29.0,44.6,2790.0,45.8
2023-03-05,OKC,11.0,42.0,Away,31.0,43.9,2832.0,44.6
2023-03-07,DAL,3.0,43.0,Away,40.0,43.5,2875.0,43.9
2023-03-09,ORL,12.0,36.0,Away,24.0,43.1,2911.0,43.5
2023-03-11,CHO,11.0,43.0,Away,32.0,42.2,2954.0,43.1
2023-03-13,MIA,9.0,37.0,Away,28.0,42.7,2991.0,42.2
2023-03-18,BOS,5.0,40.0,Home,35.0,42.1,3031.0,42.7
2023-03-20,SAC,8.0,43.0,Home,35.0,41.0,3074.0,42.1
2023-03-22,POR,7.0,43.0,Home,36.0,41.2,3117.0,41.0
2023-03-24,MIL,9.0,50.0,Home,41.0,41.7,3167.0,41.2
2023-03-25,SAC,14.0,42.0,Away,28.0,41.9,3209.0,41.7
2023-03-27,PHO,18.0,49.0,Home,31.0,42.6,3258.0,41.9
2023-03-29,SAS,9.0,39.0,Away,30.0,42.2,3297.0,42.6
2023-03-31,BOS,10.0,42.0,Away,32.0,42.8,3339.0,42.2
2023-04-02,BRK,7.0,40.0,Away,33.0,42.5,3379.0,42.8
2023-04-04,LAL,11.0,44.0,Home,33.0,43.2,3423.0,42.5
2023-04-06,OKC,17.0,50.0,Home,33.0,44.2,3473.0,43.2
2023-04-08,DEN,5.0,41.0,Home,36.0,44.0,3514.0,44.2
2023-04-09,LAL,10.0,49.0,Away,39.0,44.6,3563.0,44.0
