Date,Opponent,Offensive Rebounds Allowed,Total Rebounds Allowed,Home/Away,Defensive Rebounds Allowed,Rebounds Allowed MA,Cumulative Total Rebounds,Rebounds Allowed Last 10
2022-10-19,IND,12.0,42.0,Away,30.0,42.0,42.0,43.02439024390244
2022-10-21,CHI,10.0,38.0,Home,28.0,40.0,80.0,42.0
2022-10-23,CLE,16.0,48.0,Away,32.0,42.666666666666664,128.0,40.0
2022-10-25,DET,11.0,41.0,Home,30.0,42.25,169.0,42.666666666666664
2022-10-28,IND,5.0,41.0,Home,36.0,42.0,210.0,42.25
2022-10-30,BOS,4.0,47.0,Away,43.0,42.833333333333336,257.0,42.0
2022-10-31,PHI,4.0,37.0,Home,33.0,42.0,294.0,42.833333333333336
2022-11-02,PHI,6.0,32.0,Away,26.0,40.75,326.0,42.0
2022-11-04,BRK,7.0,48.0,Home,41.0,41.55555555555556,374.0,40.75
2022-11-06,MEM,12.0,50.0,Away,38.0,42.4,424.0,41.55555555555556
2022-11-07,CHO,17.0,45.0,Away,28.0,42.7,469.0,42.4
2022-11-10,DAL,7.0,41.0,Home,34.0,43.0,510.0,42.7
2022-11-12,UTA,7.0,42.0,Home,35.0,42.4,552.0,43.0
2022-11-13,MEM,14.0,51.0,Home,37.0,43.4,603.0,42.4
2022-11-16,OKC,9.0,37.0,Home,28.0,43.0,640.0,43.4
2022-11-18,MIA,10.0,53.0,Home,43.0,43.6,693.0,43.0
2022-11-20,CHO,15.0,51.0,Home,36.0,45.0,744.0,43.6
2022-11-23,MIA,14.0,53.0,Away,39.0,47.1,797.0,45.0
2022-11-25,MIA,10.0,47.0,Away,37.0,47.0,844.0,47.1
2022-11-27,BOS,10.0,38.0,Away,28.0,45.8,882.0,47.0
2022-11-28,MIN,15.0,45.0,Home,30.0,45.8,927.0,45.8
2022-11-30,BRK,4.0,35.0,Away,31.0,45.2,962.0,45.8
2022-12-02,CHO,19.0,45.0,Away,26.0,45.5,1007.0,45.2
2022-12-04,LAL,9.0,51.0,Home,42.0,45.5,1058.0,45.5
2022-12-07,CHI,6.0,41.0,Away,35.0,45.9,1099.0,45.5
2022-12-09,IND,13.0,40.0,Away,27.0,44.6,1139.0,45.9
2022-12-10,LAC,9.0,42.0,Home,33.0,43.7,1181.0,44.6
2022-12-12,BRK,7.0,41.0,Home,34.0,42.5,1222.0,43.7
2022-12-14,DEN,7.0,45.0,Away,38.0,42.3,1267.0,42.5
2022-12-17,LAC,12.0,49.0,Away,37.0,43.4,1316.0,42.3
2022-12-18,LAL,6.0,43.0,Away,37.0,43.2,1359.0,43.4
2022-12-20,PHO,15.0,44.0,Away,29.0,44.1,1403.0,43.2
2022-12-22,UTA,8.0,40.0,Away,32.0,43.6,1443.0,44.1
2022-12-23,SAC,13.0,47.0,Away,34.0,43.2,1490.0,43.6
2022-12-27,PHI,10.0,39.0,Home,29.0,43.0,1529.0,43.2
2022-12-28,PHO,11.0,30.0,Home,19.0,42.0,1559.0,43.0
2022-12-30,ORL,8.0,35.0,Away,27.0,41.3,1594.0,42.0
2023-01-01,MIL,14.0,44.0,Away,30.0,41.6,1638.0,41.3
2023-01-03,MIL,15.0,49.0,Away,34.0,42.0,1687.0,41.6
2023-01-06,OKC,11.0,41.0,Away,30.0,41.2,1728.0,42.0
2023-01-09,NOP,12.0,44.0,Home,32.0,41.3,1772.0,41.2
2023-01-11,CHI,8.0,39.0,Home,31.0,40.8,1811.0,41.3
2023-01-13,NYK,14.0,54.0,Home,40.0,42.2,1865.0,40.8
2023-01-16,GSW,9.0,43.0,Home,34.0,41.8,1908.0,42.2
2023-01-18,NYK,20.0,49.0,Away,29.0,42.8,1957.0,41.8
2023-01-21,ORL,9.0,41.0,Home,32.0,43.9,1998.0,42.8
2023-01-24,DAL,8.0,38.0,Away,30.0,44.2,2036.0,43.9
2023-01-25,HOU,17.0,57.0,Away,40.0,45.5,2093.0,44.2
2023-01-28,NOP,8.0,42.0,Away,34.0,44.8,2135.0,45.5
2023-01-30,SAS,14.0,43.0,Away,29.0,45.0,2178.0,44.8
2023-02-03,POR,11.0,38.0,Home,27.0,44.4,2216.0,45.0
2023-02-04,BRK,10.0,39.0,Away,29.0,44.4,2255.0,44.4
2023-02-06,CLE,7.0,43.0,Home,36.0,43.3,2298.0,44.4
2023-02-08,CHO,12.0,40.0,Home,28.0,43.0,2338.0,43.3
2023-02-11,IND,17.0,33.0,Home,16.0,41.4,2371.0,43.0
2023-02-13,GSW,11.0,34.0,Away,23.0,40.7,2405.0,41.4
2023-02-14,POR,12.0,37.0,Away,25.0,40.6,2442.0,40.7
2023-02-16,MIN,16.0,53.0,Away,37.0,40.2,2495.0,40.6
2023-02-24,NYK,12.0,43.0,Home,31.0,40.3,2538.0,40.2
2023-02-26,CHI,8.0,39.0,Away,31.0,39.9,2577.0,40.3
2023-02-28,ATL,13.0,42.0,Away,29.0,40.3,2619.0,39.9
2023-03-02,TOR,13.0,43.0,Home,30.0,40.7,2662.0,40.3
2023-03-04,TOR,10.0,34.0,Home,24.0,39.8,2696.0,40.7
2023-03-05,MIL,7.0,45.0,Home,38.0,40.3,2741.0,39.8
2023-03-07,DET,10.0,30.0,Away,20.0,40.0,2771.0,40.3
2023-03-08,ATL,8.0,36.0,Home,28.0,40.2,2807.0,40.0
2023-03-10,ATL,13.0,46.0,Home,33.0,41.1,2853.0,40.2
2023-03-12,PHI,9.0,42.0,Away,33.0,40.0,2895.0,41.1
2023-03-14,DET,19.0,44.0,Home,25.0,40.1,2939.0,40.0
2023-03-17,CLE,9.0,41.0,Away,32.0,40.3,2980.0,40.1
2023-03-18,SAC,7.0,44.0,Home,37.0,40.5,3024.0,40.3
2023-03-21,ORL,7.0,42.0,Away,35.0,40.4,3066.0,40.5
2023-03-22,DEN,11.0,41.0,Home,30.0,41.1,3107.0,40.4
2023-03-24,SAS,11.0,41.0,Home,30.0,40.7,3148.0,41.1
2023-03-26,TOR,18.0,53.0,Away,35.0,43.0,3201.0,40.7
2023-03-28,BOS,7.0,38.0,Home,31.0,43.2,3239.0,43.0
2023-03-31,ORL,6.0,48.0,Home,42.0,43.4,3287.0,43.2
2023-04-02,NYK,7.0,39.0,Away,32.0,43.1,3326.0,43.4
2023-04-04,MIL,12.0,56.0,Home,44.0,44.3,3382.0,43.1
2023-04-05,ATL,12.0,48.0,Away,36.0,45.0,3430.0,44.3
2023-04-07,MIA,14.0,47.0,Home,33.0,45.3,3477.0,45.0
2023-04-09,HOU,13.0,51.0,Home,38.0,46.2,3528.0,45.3
